***	vertical ***
0000000000000000000000000000000000000000000000000000000000000000
0000000000000000000000000000000000000000000000000000000000000000
0000000000000000000000000000000000000000000000000000000000000000
8888888888888888888888888888888888888888888888888888888888888888
8888888888888888888888888888888888888888888888888888888888888888
8888888888888888888888888888888888888888888888888888888888888888
9999999999999999999999999999999999999999999999999999999999999999
9999999999999999999999999999999999999999999999999999999999999999
9999999999999999999999999999999999999999999999999999999999999999
6666666666666666666666666666666666666666666666666666666666666666
6666666666666666666666666666666666666666666666666666666666666666
6666666666666666666666666666666666666666666666666666666666666666
5555555555555555555555555555555555555555555555555555555555555555
5555555555555555555555555555555555555555555555555555555555555555
5555555555555555555555555555555555555555555555555555555555555555
4444444444444444444444444444444444444444444444444444444444444444
4444444444444444444444444444444444444444444444444444444444444444
4444444444444444444444444444444444444444444444444444444444444444
3333333333333333333333333333333333333333333333333333333333333333
3333333333333333333333333333333333333333333333333333333333333333
3333333333333333333333333333333333333333333333333333333333333333
2222222222222222222222222222222222222222222222222222222222222222
2222222222222222222222222222222222222222222222222222222222222222
2222222222222222222222222222222222222222222222222222222222222222
7777777777777777777777777777777777777777777777777777777777777777
7777777777777777777777777777777777777777777777777777777777777777
7777777777777777777777777777777777777777777777777777777777777777
1111111111111111111111111111111111111111111111111111111111111111
1111111111111111111111111111111111111111111111111111111111111111
1111111111111111111111111111111111111111111111111111111111111111

***	horizontal ***
00000000888888889999999966666666555555554444444433333333222222227777777711111111
00000000888888889999999966666666555555554444444433333333222222227777777711111111
00000000888888889999999966666666555555554444444433333333222222227777777711111111
00000000888888889999999966666666555555554444444433333333222222227777777711111111
00000000888888889999999966666666555555554444444433333333222222227777777711111111
00000000888888889999999966666666555555554444444433333333222222227777777711111111
00000000888888889999999966666666555555554444444433333333222222227777777711111111
00000000888888889999999966666666555555554444444433333333222222227777777711111111
00000000888888889999999966666666555555554444444433333333222222227777777711111111
00000000888888889999999966666666555555554444444433333333222222227777777711111111
00000000888888889999999966666666555555554444444433333333222222227777777711111111
00000000888888889999999966666666555555554444444433333333222222227777777711111111
00000000888888889999999966666666555555554444444433333333222222227777777711111111
00000000888888889999999966666666555555554444444433333333222222227777777711111111
00000000888888889999999966666666555555554444444433333333222222227777777711111111
00000000888888889999999966666666555555554444444433333333222222227777777711111111
00000000888888889999999966666666555555554444444433333333222222227777777711111111
00000000888888889999999966666666555555554444444433333333222222227777777711111111
00000000888888889999999966666666555555554444444433333333222222227777777711111111
00000000888888889999999966666666555555554444444433333333222222227777777711111111
00000000888888889999999966666666555555554444444433333333222222227777777711111111
00000000888888889999999966666666555555554444444433333333222222227777777711111111
00000000888888889999999966666666555555554444444433333333222222227777777711111111
